0.0142974853515625
0.010679006576538086
0.012053251266479492
0.011414051055908203
0.011353254318237305
0.012617111206054688
0.012819766998291016
0.011360883712768555
0.012603998184204102
0.011480569839477539
0.011471986770629883
0.022937536239624023
0.01848125457763672
0.016763925552368164
0.014991521835327148
0.01593637466430664
0.015540122985839844
0.016486644744873047
0.0160219669342041
0.01645493507385254
0.014919281005859375
0.020318031311035156
0.01662278175354004
0.0160372257232666
0.01657414436340332
0.014952421188354492
0.0159912109375
0.01665973663330078
0.014691591262817383
0.012656927108764648
0.012441635131835938
0.012268781661987305
0.01190328598022461
0.010976314544677734
0.011030197143554688
0.011201620101928711
0.011770248413085938
0.011036157608032227
0.01096963882446289
0.01273202896118164
0.01177358627319336
0.010952949523925781
0.010958671569824219
0.011017560958862305
0.011681795120239258
0.011677026748657227
0.011043071746826172
0.012214422225952148
0.011050939559936523
0.011822223663330078
0.01180410385131836
0.011596918106079102
0.012359380722045898
0.01224970817565918
0.012140035629272461
0.01100778579711914
0.012842655181884766
0.01224517822265625
0.010965108871459961
0.012231826782226562
0.012184858322143555
0.01103353500366211
0.011255979537963867
0.0106353759765625
0.012224435806274414
0.012201309204101562
0.011849403381347656
